3.754104157222424437e-02
5.920865416243294155e-02
3.837035526314334921e-02
4.858768756943078471e-02
4.613546781954313419e-02
4.086943831876200389e-02
4.682903121903413124e-02
4.252888587912129897e-02
7.225610879634895845e-02
5.165640062664681592e-02
4.880258405499673935e-02
4.622385113099375387e-02
4.505119167818716353e-02
3.348791782460529970e-02
5.232161532248306990e-02
3.603143761503338482e-02
3.618596647609147871e-02
3.463503645612203002e-02
5.406518408561004213e-02
6.304761265369532297e-02
4.167705209244000619e-02
4.210074714690682091e-02
4.598540266620841643e-02
6.070485646268850011e-02
5.774061267090721539e-02
4.559298470869726366e-02
4.055273695489193531e-02
5.027796335351063933e-02
4.109954020385903073e-02
4.841211219709279368e-02
5.158780738226317886e-02
3.868577945695001602e-02
5.121054582529337151e-02
4.150928757697853327e-02
4.011792558699731059e-02
4.274662736004437857e-02
4.301652777613182432e-02
5.523439498958811200e-02
4.447193748907534577e-02
7.927545892080155310e-02
3.751420779002510170e-02
4.686322896575677993e-02
4.479363621975075704e-02
4.481741814829270226e-02
4.630300499234830947e-02
4.844052589748060883e-02
4.162873411867563933e-02
3.543956796826230882e-02
4.252233575957186512e-02
4.292975159885199093e-02
4.292364842552995330e-02
3.735876231519603963e-02
4.810443553685636586e-02
4.238977862044007033e-02
3.895716275391422623e-02
3.685446507145026529e-02
7.264776348472434808e-02
4.314861730237127407e-02
4.548751811256138838e-02
4.665948567630448518e-02
4.336059090693956258e-02
5.683900012967108006e-02
4.305676154655339177e-02
3.794753561986118073e-02
4.309009773697678597e-02
4.366285908065532795e-02
8.463161990362351450e-02
5.397136290168106504e-02
5.040877327132309293e-02
5.416795115308195574e-02
6.206875142753359720e-02
4.357723879544342371e-02
3.262293471442435228e-02
4.267206460501106469e-02
inf
4.909995983792784374e-02
5.442531480051825132e-02
4.575683554861592617e-02
5.147538559961354482e-02
6.209705042341239628e-02
3.590340542759327958e-02
8.531140648638718682e-02
3.705594809623789787e-02
5.717889631074408313e-02
3.803692442935380225e-02
4.433201148273141490e-02
8.578092260371544819e-02
5.171249867952318335e-02
5.168194582550405397e-02
3.951322243099136822e-02
4.723381982673408724e-02
4.054827185249119947e-02
5.492300318340089665e-02
4.677691368497663427e-02
4.213887968483446406e-02
5.509975468695873374e-02
4.139564145679132390e-02
4.121871265402853035e-02
4.430703563197603556e-02
4.229730870583549296e-02
6.004143883072381865e-02
3.915025673602578332e-02
4.694033999096641069e-02
5.330316422788222708e-02
3.401141855144114434e-02
4.085522512343168350e-02
3.968669432109567241e-02
3.632964915249036614e-02
5.632201386069864146e-02
6.224131600344382648e-02
5.393335259426959571e-02
5.382844638778749163e-02
7.262649975841184435e-02
4.277225610697048264e-02
6.885574543117388424e-02
4.985244546148798195e-02
4.639551080601871796e-02
5.960853480046296449e-02
5.718364011351101395e-02
4.088193540364759571e-02
3.765600157446905710e-02
3.455554931984022166e-02
4.642194741046096196e-02
4.271732582068299422e-02
1.041158175319046031e-01
1.010112145435974051e-01
4.384980446337864712e-02
5.021513982582259672e-02
3.765464393504733970e-02
6.515424259458539591e-02
4.820643005379593449e-02
4.512344439201217139e-02
5.196782477941003925e-02
5.761118622678428752e-02
4.259241008474754647e-02
5.544387792787806163e-02
8.111286044640622639e-02
3.718225127345473058e-02
4.129811643684158651e-02
6.928256590599825293e-02
4.544384412877323226e-02
4.909532054460555295e-02
4.284782528505963473e-02
4.468365657906463867e-02
3.950607373497200259e-02
5.291756188223050578e-02
6.134125161359668676e-02
5.005461643021699020e-02
3.971232734636771788e-02
4.386598950431060129e-02
4.675320248558760550e-02
4.097528702816562174e-02
4.959089887087510251e-02
5.220313285621443200e-02
4.094937128720801262e-02
4.630714292009528027e-02
4.440326034174527092e-02
5.575900599019634890e-02
3.953381082434428290e-02
4.493955373944612947e-02
3.755670451316683867e-02
5.185560629395594145e-02
3.536253784166133729e-02
6.680902904921851015e-02
5.238987387861051420e-02
4.197076983526652066e-02
3.990319701004831077e-02
6.050204539387520064e-02
6.275895802566601456e-02
4.774402853161976296e-02
3.682394433829348085e-02
4.650410111172676580e-02
5.219740774418021867e-02
6.019792911896831161e-02
8.180095949964157065e-02
4.707536403316175261e-02
4.500346579382661499e-02
4.828708868825536821e-02
3.511345373361496325e-02
7.629231917873188773e-02
4.711371496228426020e-02
4.416534731771468159e-02
5.576774333688014340e-02
6.142941664638224691e-02
3.555562189244238641e-02
3.842139220419256429e-02
3.971189117317212858e-02
5.248039092937604316e-02
5.180685750829840813e-02
4.879137072968445232e-02
5.080486672411275301e-02
4.547418113463425754e-02
5.189670271456343909e-02
4.083997494155452990e-02
5.195031676133107790e-02
4.214965519948824652e-02
4.668353203753274755e-02
5.574531896856811664e-02
4.130190085214846540e-02
4.265960200768853516e-02
4.693969907055167007e-02
4.383575899098279827e-02
4.940150988591522629e-02
4.842355252667802229e-02
6.148975720165304054e-02
3.986319718248732685e-02
4.972860968601579973e-02
4.809459938921084587e-02
3.753597482458592011e-02
4.969619046118535499e-02
6.368859263241234692e-02
4.379970216806447492e-02
5.901392604563899386e-02
5.267127742691767728e-02
3.770579795193153283e-02
4.683130857563985033e-02
4.797016352220006413e-02
5.302213375394343453e-02
4.676265274945634598e-02
3.696945486925014984e-02
4.938721230527714362e-02
4.032939530125650290e-02
4.020542157526203753e-02
4.912151278788613046e-02
inf
4.278092053265076383e-02
4.162055688119177532e-02
4.064100661927771974e-02
4.388152199311316781e-02
5.106249237772956390e-02
4.256837147790636100e-02
3.812650279457358016e-02
4.680025537191797452e-02
3.813054298407893977e-02
3.512229652971071703e-02
3.712772331928310826e-02
3.416924707449631865e-02
5.254434630353967128e-02
3.880479640960785015e-02
5.135825963016944079e-02
4.900801256440430465e-02
4.711591311014815681e-02
3.987674657622874985e-02
3.968137424479488418e-02
4.841800875207654536e-02
6.501984047005039680e-02
3.894008665656539803e-02
3.621203008557655201e-02
5.089537796005631776e-02
6.576231733449947048e-02
4.488638893467326169e-02
4.128346883681643931e-02
4.232603624228785388e-02
5.152456623320121609e-02
3.566651879118524354e-02
4.761632291549911661e-02
4.539243621222333741e-02
5.508885702998417983e-02
5.674983078250601248e-02
5.492390624483063644e-02
4.176581984059039160e-02
4.596980709438753393e-02
3.705789026985562007e-02
6.729076133066799748e-02
5.153490856687458627e-02
5.126357488811012636e-02
5.354218682629238030e-02
3.938841817457175432e-02
5.234657490536216012e-02
4.751604442145931917e-02
3.753583040031702872e-02
4.457007177457143060e-02
4.403995992818515032e-02
6.069748660601743256e-02
7.682806283826454363e-02
4.851498341822781113e-02
4.264139881237902219e-02
4.743248895916583191e-02
4.025294186795646406e-02
6.074711022747961153e-02
5.982447012964546562e-02
5.844087931144371917e-02
4.703411656522682449e-02
4.456332121887041087e-02
4.058771903590160240e-02
5.639649390993909522e-02
3.682711245863764388e-02
4.178899379476413989e-02
4.177190368990998937e-02
4.588981533469770752e-02
5.087604347319211323e-02
3.175016297866403020e-02
4.774086598152438299e-02
5.460665755564235446e-02
4.322461644794013680e-02
4.223052897711083303e-02
5.914685971242158308e-02
4.348328304976326747e-02
4.732100182074398809e-02
4.730519724297152506e-02
5.492318289250935209e-02
3.814064466582670065e-02
4.988155091796019069e-02
3.561754880682305169e-02
4.293417835374888775e-02
6.501907787821517570e-02
4.956755436364787548e-02
4.313589340686858897e-02
4.039650769886946047e-02
5.596459897070165529e-02
5.100851775560286128e-02
4.015695909875437175e-02
6.221478179043143930e-02
3.603978086799768110e-02
5.113209126954837425e-02
4.776064790642488983e-02
3.558104638943975634e-02
4.437187922563942677e-02
5.073974939679031654e-02
5.611021562879623531e-02
4.199813064368537047e-02
4.552108830028685910e-02
5.420485697640897021e-02
5.985131462676531594e-02
4.117219823333782142e-02
4.095175794643543532e-02
6.433348458788037960e-02
5.165107561204915210e-02
5.853265232772111859e-02
4.123187599737990899e-02
3.855615901604363821e-02
4.631231850767245084e-02
5.030873701798582037e-02
5.111243209834027967e-02
4.009475543305143080e-02
4.500405208711577565e-02
5.065065094223368536e-02
4.741384804301449624e-02
4.308373470696006541e-02
4.739667536944840859e-02
4.319779202143065461e-02
3.501212019870059144e-02
6.478727224830617415e-02
4.539822404962307045e-02
5.353757545935384360e-02
4.734388211160124593e-02
5.712990927254356366e-02
4.870592823614979666e-02
5.079436064989537730e-02
6.315790144455335486e-02
5.357702448025502412e-02
6.322044347850758195e-02
3.796966196918559466e-02
5.199302040331783142e-02
6.284928923639314380e-02
4.825484265476095297e-02
4.212237821391990461e-02
4.353754701314748593e-02
4.146630689972030659e-02
3.775730233472487235e-02
5.164709626737550019e-02
4.332700036082431233e-02
4.917314687693755126e-02
4.005445895380188581e-02
4.078954190344331182e-02
4.141760953125296629e-02
5.656176420194009707e-02
3.385391729270836175e-02
6.624419794821306828e-02
5.086571294711749597e-02
4.657135419941842158e-02
5.539190457271100931e-02
5.319165709434032357e-02
5.607950903108812474e-02
5.870181001389732783e-02
4.024199775565970999e-02
4.042818648835123929e-02
4.564266242335675294e-02
3.655783906055545818e-02
3.319328135482864373e-02
4.518953531524112083e-02
5.595716285834952120e-02
5.216078157336676707e-02
3.505330309550351575e-02
3.715406543565938358e-02
4.387009137487582477e-02
4.780107853759254372e-02
4.392169457174183861e-02
4.346124624234672801e-02
4.696381752293701112e-02
4.115419148299873792e-02
4.514009564314070549e-02
6.212173835990701665e-02
4.505965423181211571e-02
4.549924886413769104e-02
3.801696283702516582e-02
5.047106249814622969e-02
5.261400508310893481e-02
4.654844606572938748e-02
4.095821795312854646e-02
4.842321073961264322e-02
5.789222461923778512e-02
3.496700638072142153e-02
4.468273645652106468e-02
4.679217416977827365e-02
4.613825026496462534e-02
4.485315909196038731e-02
5.306401452961417853e-02
3.916867523143656438e-02
4.988084509440356834e-02
3.566977877517577000e-02
5.105079739571257574e-02
4.369576160884099808e-02
3.357179268849572185e-02
5.270539536635266559e-02
4.165983167527925052e-02
3.856948383685294968e-02
4.266928788044593163e-02
4.175495150418441492e-02
3.311502023353944668e-02
3.929226583787587962e-02
4.250100884041146249e-02
4.203848331581899050e-02
4.052950858033651377e-02
4.659149911862495858e-02
3.743783218299679555e-02
3.636234691728090079e-02
4.259429551577943035e-02
4.683310449882060328e-02
5.393116100029490129e-02
4.118247873759578459e-02
4.887464809960843232e-02
4.219133894669343382e-02
4.215953715619727427e-02
4.406329706408571717e-02
4.950590860437855539e-02
5.263712994125978317e-02
3.744910682408307545e-02
4.521636771330602572e-02
4.007582898589647641e-02
4.364559936250227840e-02
4.373856126494013452e-02
4.514132007677757602e-02
8.566629447766863081e-02
4.100349144906486470e-02
4.626530736169850305e-02
4.401444948428904352e-02
4.160630210992481703e-02
4.512510096952906946e-02
4.198884392723584852e-02
4.517437129099739768e-02
4.555264185749790390e-02
5.179087205276120681e-02
4.417831190671601266e-02
4.504944218559638058e-02
4.430946933516714814e-02
5.353021152724792009e-02
4.211836833895712257e-02
5.945002531340970453e-02
4.164387374827481503e-02
4.379647525628742322e-02
6.414207383881252722e-02
4.196080997027214210e-02
3.866700603944196735e-02
5.196948955458514235e-02
4.912302690114839915e-02
3.778910224318018235e-02
5.498567536269714090e-02
4.132686104674823668e-02
4.345334736614152316e-02
5.511863608583836976e-02
4.811187165735240218e-02
3.874352065102472376e-02
3.507921451400324714e-02
inf
3.778471566569675810e-02
4.081561149715535325e-02
5.354702361122523624e-02
4.898997169369585097e-02
4.473393734151469292e-02
5.173808468029408164e-02
4.518911665502333558e-02
4.191324144784223937e-02
4.509747262198358225e-02
4.530028612145440420e-02
4.641296074433603341e-02
5.138272831209934194e-02
3.495146466163880777e-02
4.563488737507657295e-02
4.365352793879377635e-02
4.344230528710056605e-02
4.117345662944605494e-02
3.555886247936823619e-02
3.825663221814757514e-02
4.083987289282289129e-02
3.145015756621456077e-02
4.213582911931170599e-02
3.881766555447387079e-02
4.028892113529120717e-02
4.028037174140799287e-02
4.112669015778014359e-02
3.539138300385007152e-02
4.975478977939178094e-02
4.000566013141854810e-02
5.095331248218663150e-02
4.724007069373358653e-02
3.065842627691791125e-02
3.817682558669557163e-02
5.580573361235587060e-02
3.680430143055454101e-02
5.722085450627188707e-02
5.552239811107066020e-02
4.382022770282466978e-02
5.111665278325527861e-02
3.757706567585491347e-02
3.918449182573633532e-02
3.373481287372397108e-02
4.517832795459179179e-02
4.939054293044956717e-02
5.250145778380279488e-02
5.487377842542689316e-02
3.844859834800647830e-02
4.474172482793103978e-02
4.091881458651541736e-02
4.078965686974594246e-02
4.371357881131354012e-02
4.560936286992754024e-02
5.493262984742336430e-02
4.164245855124976831e-02
5.064667952775065568e-02
3.732751703381450431e-02
3.776944990767896332e-02
5.157265522997252910e-02
4.846208205608976832e-02
5.647957126651120124e-02
5.051504108717107949e-02
4.475808728270538883e-02
3.952380174961086373e-02
4.299063717223569614e-02
3.406388801723614357e-02
6.772501814203128745e-02
5.093873449475521537e-02
4.626274417954738538e-02
3.489346106263341990e-02
3.695701781875818798e-02
4.553642363993127412e-02
5.241112685853209496e-02
3.824699171934654168e-02
3.928611269487391339e-02
4.400488046919322910e-02
4.020448213164379975e-02
4.532120277929750640e-02
4.175161352520302682e-02
4.563175771179840690e-02
9.206499676287886735e-02
2.968417544832678903e-02
5.361579659180634727e-02
4.577510285496851072e-02
4.660239023003413805e-02
5.304354742183606253e-02
4.452991843019961371e-02
5.616475606103758789e-02
4.314292698594245773e-02
4.432888182019746603e-02
3.730675540459094108e-02
3.506219049049665720e-02
4.005500673461325628e-02
4.950065595631714110e-02
4.045786676678906485e-02
5.985450840514314891e-02
4.160676580464642282e-02
5.874247702622131806e-02
5.260642105832268739e-02
3.341618231748325063e-02
4.229188989187946529e-02
4.053620746057696317e-02
4.837871185070372754e-02
4.176070098706484435e-02
3.647792629777379253e-02
3.854420084339891389e-02
3.914064759966490170e-02
6.051815115119449362e-02
4.316666723401935135e-02
4.471986403492525519e-02
4.985669024498297353e-02
3.506398767428891422e-02
4.726581384018874871e-02
5.231712864319587597e-02
3.781277653147738227e-02
5.053381253317980326e-02
4.563646915078411331e-02
4.307390829324819065e-02
4.031691895243770529e-02
5.568074064959915165e-02
4.345861542038003539e-02
4.224718030661883672e-02
4.176827917250290623e-02
5.117739047992987678e-02
4.885124691916199746e-02
3.649847664224623034e-02
4.337606323314286555e-02
7.273423743879826875e-02
5.685027545165537155e-02
4.852909039188714468e-02
4.677350611569239258e-02
3.573836745840251045e-02
5.246255812024957360e-02
4.662744901393407054e-02
5.328502027544117919e-02
4.279341664450991845e-02
4.270432026342882437e-02
4.199219252309179667e-02
6.874078913450465400e-02
3.893131376622984557e-02
5.742351912579865547e-02
4.432247929285196980e-02
4.301186613724502367e-02
3.993595500968003670e-02
4.382742081788062322e-02
6.892942325358930589e-02
3.835679975818287457e-02
5.519400693282517506e-02
5.898179469261550373e-02
4.258447375633953036e-02
4.626585554669666867e-02
7.842191067388430692e-02
9.094743703060437223e-02
4.273795441770031345e-02
4.082714459175888766e-02
5.642963043440697019e-02
5.716358559109660509e-02
4.289759267589132036e-02
4.432470943810685321e-02
6.795139267360759960e-02
4.900808892786931437e-02
5.804017730331761937e-02
5.483149123740330144e-02
4.599826977760557850e-02
5.592340364777913242e-02
5.489173236215851015e-02
9.249230856610941853e-02
3.481666174230427929e-02
4.095877605513319891e-02
5.231966984477427057e-02
4.711231712087720486e-02
6.017538144897586344e-02
4.506101807984165541e-02
6.478177455219470693e-02
4.098136881578901686e-02
4.809755208762715034e-02
6.222282940982323818e-02
5.440502074531283760e-02
5.821265917905065618e-02
4.105622946549702251e-02
4.181877176370271676e-02
4.943430628810704941e-02
4.881641003985742050e-02
4.534679301163880433e-02
5.036516352577567746e-02
5.929918651128963242e-02
3.666650245226022592e-02
4.420332060008620029e-02
4.333719551094563499e-02
4.989968864618887778e-02
5.034377120539023504e-02
3.795904521164214507e-02
4.592666596136168317e-02
4.472145167261361992e-02
6.292113958392224482e-02
4.224301522966637107e-02
5.594679345427814449e-02
3.531353757607422206e-02
4.599802864269967456e-02
5.614186094016593992e-02
5.006072070678099784e-02
4.971698545165437882e-02
3.993469077532052491e-02
4.671524007330769140e-02
4.672132485064812296e-02
4.289399977352200549e-02
4.180066431506560681e-02
5.079166312833807706e-02
5.087179201130531681e-02
4.935808299328634657e-02
3.799531612087062027e-02
3.443868427922038011e-02
4.585014631103082050e-02
4.134207953224022097e-02
5.259057513735310857e-02
5.669014339232796712e-02
3.482133434619238965e-02
5.195361421796256679e-02
3.369254847940996583e-02
4.263745874115278806e-02
5.566883769176711461e-02
4.808161148158776599e-02
4.048459889379767834e-02
3.119866995790353606e-02
4.098480761677725931e-02
4.332730106998707725e-02
3.840187600622661790e-02
4.931609427548535457e-02
3.935463220711913485e-02
3.836624214867159766e-02
5.897437098851306125e-02
4.646264039806136115e-02
6.751293916522267680e-02
4.083801380004247611e-02
5.476084237719205938e-02
3.415091420003790734e-02
3.695106036194992227e-02
4.959398509499377689e-02
4.138722283105273486e-02
5.374156269769852362e-02
4.777641409878190248e-02
4.860737812542885450e-02
3.657528070278522753e-02
6.232948578296949871e-02
4.683814975784576090e-02
5.892846564208681359e-02
3.444283201901480324e-02
5.436580806147961464e-02
3.736575767019367084e-02
5.305515634456128837e-02
4.229112257946535808e-02
3.666266776019801166e-02
5.001100428853957891e-02
4.532352853554574845e-02
3.401880885672781130e-02
4.326891702320864036e-02
5.267520221855549051e-02
5.634630089561397381e-02
3.869948609137096457e-02
4.640692600594555073e-02
4.304991717912525634e-02
4.061524285102059706e-02
5.119154119000023095e-02
4.103155168997154462e-02
5.296521209916953132e-02
4.056464046806005502e-02
3.345743850539363573e-02
5.367859196415434436e-02
4.577408500953618342e-02
6.083728536806122522e-02
4.732356515097400212e-02
4.078254572874343009e-02
3.680560582253256108e-02
4.660591643513481430e-02
3.375593136306275638e-02
3.754566061985645936e-02
5.215399257506001668e-02
4.368236425356231828e-02
4.539702565752965630e-02
4.807096550026571102e-02
6.161022587064896028e-02
3.886486616397356181e-02
3.597160683856672619e-02
4.391068709542126497e-02
4.971411574302625480e-02
3.908508408857849781e-02
5.118481907640392431e-02
6.676522388757466508e-02
4.985025624627478086e-02
3.925380130425124708e-02
3.945250141462151167e-02
5.330270108101946985e-02
5.454889253109138775e-02
5.927411950763903509e-02
4.373208018097757277e-02
5.679009536715235590e-02
3.697357700385436874e-02
4.861347963416259160e-02
4.530361510583794105e-02
4.306243321321401307e-02
6.122677859812956924e-02
4.876677710195789772e-02
3.974238717509184088e-02
4.370297015635688648e-02
7.523212173481050313e-02
4.609141399682654960e-02
4.159991337458930627e-02
5.094496930343749008e-02
6.628735224505141743e-02
5.709211002538775587e-02
4.553535397673843382e-02
4.376185563960285213e-02
4.886538903044627263e-02
4.258218045828024434e-02
5.033698415570404816e-02
3.948742062270030329e-02
4.425229419491841926e-02
5.534225281118294870e-02
4.773202415926295489e-02
4.225453408285018836e-02
3.857583632685074315e-02
3.117194268479753921e-02
4.226612220629874517e-02
5.890789412790565366e-02
4.458907712066285944e-02
3.691802836656548487e-02
6.690797004768646306e-02
3.782556926514643592e-02
4.708593702431418393e-02
3.010199158656432991e-02
4.654516733605910256e-02
4.925534887936380141e-02
5.491959736620188187e-02
3.936160676904077588e-02
5.559784552939588120e-02
5.197537705727073992e-02
3.665611435931832862e-02
6.233071967498363813e-02
4.573837725693918194e-02
4.465058970341095196e-02
4.291276970960730686e-02
4.249081104886019006e-02
5.275273582126564775e-02
6.706074755787302943e-02
4.692608787071797516e-02
3.345315244736895427e-02
3.655479179482860885e-02
4.085057590063490701e-02
3.569203539064678271e-02
4.432927137834378334e-02
3.455838382125401426e-02
8.590879211723136122e-02
3.729967938506609931e-02
5.660314227580232060e-02
5.538495605164324431e-02
4.514794346344225967e-02
3.961069187227941185e-02
4.372562862372239567e-02
4.314458281283062302e-02
5.690763605048760471e-02
4.097907020193097133e-02
3.681645939839511134e-02
5.150587242166586310e-02
4.279376410145754872e-02
4.515163796266474794e-02
4.593847576330184479e-02
5.454968116931317723e-02
7.161546641223662246e-02
3.797033597683566186e-02
3.775773820619186816e-02
4.021236153695070814e-02
4.176081739781748597e-02
5.921100366787885455e-02
4.247198472723403423e-02
4.787846641102878192e-02
5.271054631040174299e-02
3.376161534257137581e-02
4.396245016485315210e-02
3.994583016438662398e-02
4.863653199052477005e-02
5.122737679392141974e-02
5.550299955387050233e-02
6.049455549500508400e-02
5.566890128087760570e-02
3.953206589859029063e-02
3.397025285801269501e-02
3.695545300874011896e-02
4.700205458029500794e-02
4.158216557650484119e-02
4.244284178996354795e-02
4.886584671975321287e-02
4.551348460271927021e-02
4.189288879381476011e-02
5.018949384095069965e-02
4.517737922402800810e-02
4.636889968493128344e-02
5.435775459839024132e-02
4.105215340014918557e-02
4.234130634255235670e-02
4.352853219739673957e-02
4.982031091327283195e-02
3.895848118741993688e-02
4.828811280732119710e-02
4.366793705094965117e-02
4.221106223881601616e-02
4.877307639850616411e-02
6.988144505793970895e-02
4.674541248704580654e-02
4.460743814543419172e-02
4.459604851418412508e-02
5.088653948021167051e-02
4.639142770907247332e-02
5.813098752480690135e-02
4.189485152581140515e-02
4.190059369673503065e-02
4.309732125809645487e-02
4.309841439844773470e-02
6.165059741880000999e-02
4.500463224235913551e-02
4.744556628886154037e-02
4.184579764727382883e-02
4.152028386272158672e-02
3.995407539567283339e-02
4.069991835315793505e-02
5.307028575645715562e-02
4.189290060487036588e-02
7.566292115625611325e-02
4.177135446624909154e-02
4.269708124251863496e-02
5.101839977585181235e-02
4.445170060718091343e-02
4.000875053376591606e-02
6.754059067248377457e-02
5.581010272779834275e-02
5.250889157796032741e-02
4.373783688972531641e-02
5.045401060184985520e-02
5.355194367221386559e-02
4.842194588471025740e-02
5.142593819340857131e-02
3.620504010020521302e-02
5.884243055765966957e-02
3.816534396585041788e-02
6.137190085052546956e-02
3.812757428245358571e-02
4.745251765066138550e-02
3.709817729039797951e-02
4.974336423266639134e-02
5.551522327163829762e-02
5.095051754632270308e-02
4.943169149854650946e-02
5.203314213343149947e-02
4.192831203432670351e-02
4.532822131170410190e-02
4.007976320669181386e-02
4.351357958846988755e-02
5.109792497842552406e-02
4.078219972094354606e-02
4.600756729626832853e-02
3.497826995532563044e-02
3.413660929089845641e-02
4.190068129284124643e-02
1.055122488084320603e-01
5.129019005294837424e-02
5.154754574591354638e-02
3.518968967549521848e-02
4.453512020010251538e-02
4.302665581729925998e-02
5.249671961040223989e-02
4.685273491469399421e-02
5.694617351116820769e-02
4.305839305398539985e-02
5.351226329402947179e-02
7.517190513678324859e-02
5.363775292646506127e-02
5.171276941381203890e-02
5.123234791524462067e-02
4.898278519590191366e-02
5.201247361827857768e-02
3.946736078057960784e-02
4.770721673944414154e-02
4.006826812446730862e-02
3.622154621995980067e-02
4.395809046298463502e-02
4.086308817670838978e-02
3.712802542034811942e-02
6.776858962261278485e-02
4.501485838758965269e-02
3.624107893309721357e-02
3.330990820198346386e-02
3.792031008158797123e-02
3.696330977751802194e-02
4.064625763165564953e-02
3.881408544565984747e-02
5.730023212005649902e-02
4.792366841973140501e-02
6.458148461778068228e-02
6.068564648815632373e-02
5.044785242211189541e-02
5.696877145775890855e-02
3.964700358622292448e-02
5.004484434170466262e-02
4.952725985852876600e-02
4.185462285355028705e-02
3.008424324685293749e-02
3.502041382294421301e-02
3.965417509352839320e-02
3.798931545204979610e-02
4.838149061968337328e-02
4.238281199716220637e-02
3.510223673467702948e-02
3.939745484745418164e-02
4.322545946150722906e-02
3.786757006305399575e-02
5.171874690606252656e-02
4.883774581396463366e-02
4.912240548135596296e-02
4.749254985076426655e-02
4.400888336346264751e-02
3.994068947016245902e-02
4.627399280909108570e-02
6.086954227461593286e-02
6.440685801603585059e-02
4.318178687753225498e-02
5.310193391559018400e-02
3.619477332598611263e-02
